image: mission_map.pgm
mode: scale
resolution: 0.05000000074505806
origin: [-4.757404888907958, -1.9485828595158672, 0.0]
negate: 0
occupied_thresh: 0.65
free_thresh: 0.25
